person_id:ID(Person),full_name,city
P0001,Tarun Malhotra,Gurugram
P0002,Sneha Iyer,Mumbai
P0003,Ritu Mishra,Agra
P0004,Charu Tiwari,Kolkata
P0005,Karan Kohli,Hyderabad
P0006,Rajat Bhalla,Lucknow
P0007,Rekha Gupta,Bengaluru
P0008,Vivek Mishra,Patna
P0009,Neeraj Saxena,Dehradun
P0010,Kajal Choudhary,Amritsar
P0011,Anil Rathore,Bhubaneswar
P0012,Shruti Mishra,Amritsar
P0013,Preeti Bhalla,Jaipur
P0014,Aditya Bansal,Hyderabad
P0015,Ashok Aggarwal,Ahmedabad
P0016,Manju Khanna,Indore
P0017,Aditya Malhotra,Noida
P0018,Nidhi Bhalla,Ghaziabad
P0019,Tanya Rathore,Kanpur
P0020,Shruti Yadav,Ludhiana
P0021,Preeti Pandey,Kanpur
P0022,Vivek Choudhary,Dehradun
P0023,Vidya Mehta,Patna
P0024,Deepak Mishra,Lucknow
P0025,Vivek Chawla,Lucknow
P0026,Deepak Rawat,Noida
P0027,Bhavna Yadav,Faridabad
P0028,Kajal Mehta,Patna
P0029,Harish Nair,Agra
P0030,Nidhi Pandey,Agra
P0031,Ritu Singh,Patna
P0032,Divya Tiwari,Chennai
P0033,Neeraj Chawla,Hyderabad
P0034,Aakash Gupta,Surat
P0035,Manish Rathore,Bhopal
P0036,Mohit Rawat,Surat
P0037,Vidya Yadav,Pune
P0038,Harish Rathore,Haridwar
P0039,Ritu Aggarwal,Faridabad
P0040,Siddharth Arora,Dehradun
P0041,Manju Choudhary,Faridabad
P0042,Sameer Bhatia,Dehradun
P0043,Manish Chopra,Bhopal
P0044,Jyoti Grover,Kolkata
P0045,Vidya Chopra,Ranchi
P0046,Ravi Kohli,Ludhiana
P0047,Rajat Tiwari,Jaipur
P0048,Amit Bhalla,Lucknow
P0049,Nidhi Malhotra,Ranchi
P0050,Preeti Gupta,Delhi
P0051,Divya Iyer,Indore
P0052,Anil Rawat,Kolkata
P0053,Gaurav Rathore,Surat
P0054,Tarun Grover,Kanpur
P0055,Pankaj Gupta,Ahmedabad
P0056,Swati Khanna,Faridabad
P0057,Pooja Bansal,Pune
P0058,Simran Kapoor,Bhopal
P0059,Suresh Sethi,Jaipur
P0060,Ritu Aggarwal,Ludhiana
P0061,Sanjay Tiwari,Jaipur
P0062,Priya Gupta,Kolkata
P0063,Arjun Verma,Chennai
P0064,Nikhil Saxena,Agra
P0065,Yash Aggarwal,Chandigarh
P0066,Nidhi Chawla,Ahmedabad
P0067,Karan Kapoor,Agra
P0068,Manish Kohli,Hyderabad
P0069,Kajal Mehta,Dehradun
P0070,Meera Yadav,Surat
P0071,Simran Rathore,Ranchi
P0072,Suresh Rathore,Lucknow
P0073,Anil Rawat,Gurugram
P0074,Amit Rathore,Ghaziabad
P0075,Aditya Mishra,Noida
P0076,Ananya Reddy,Delhi
P0077,Manish Arora,Bhubaneswar
P0078,Ashok Sharma,Mumbai
P0079,Nikhil Nair,Agra
P0080,Priya Gupta,Ghaziabad
P0081,Simran Bhatia,Ghaziabad
P0082,Harish Bhatia,Amritsar
P0083,Manju Reddy,Agra
P0084,Rajat Kohli,Delhi
P0085,Meera Gupta,Ahmedabad
P0086,Isha Singh,Kanpur
P0087,Gaurav Mishra,Patna
P0088,Sanjay Arora,Agra
P0089,Tanya Sethi,Lucknow
P0090,Divya Rawat,Pune
P0091,Arjun Sharma,Chandigarh
P0092,Yash Grover,Patna
P0093,Kavya Gupta,Bhubaneswar
P0094,Anjali Nair,Agra
P0095,Radha Chawla,Pune
P0096,Kirti Mishra,Noida
P0097,Kavya Mehta,Ghaziabad
P0098,Mohit Grover,Patna
P0099,Sneha Gupta,Chandigarh
P0100,Vikram Joshi,Agra
P0101,Kajal Sharma,Ahmedabad
P0102,Divya Choudhary,Bengaluru
P0103,Aakash Singh,Bhopal
P0104,Pooja Mehta,Mumbai
P0105,Amit Rathore,Bhubaneswar
P0106,Pankaj Bhalla,Kanpur
P0107,Anjali Mishra,Kolkata
P0108,Naveen Sethi,Ludhiana
P0109,Tarun Kapoor,Gurugram
P0110,Neeraj Chawla,Haridwar
P0111,Suresh Chopra,Indore
P0112,Arjun Mishra,Gurugram
P0113,Bhavna Bhalla,Ludhiana
P0114,Priya Choudhary,Ahmedabad
P0115,Charu Joshi,Kolkata
P0116,Neha Joshi,Haridwar
P0117,Anil Malhotra,Faridabad
P0118,Anil Iyer,Delhi
P0119,Sameer Kohli,Haridwar
P0120,Ashok Gupta,Ghaziabad
P0121,Ravi Rawat,Gurugram
P0122,Simran Arora,Ludhiana
P0123,Meera Chawla,Mumbai
P0124,Rohit Malhotra,Patna
P0125,Simran Sharma,Pune
P0126,Aditya Bansal,Agra
P0127,Manish Yadav,Jaipur
P0128,Vivek Joshi,Kolkata
P0129,Sunita Reddy,Surat
P0130,Komal Kohli,Bengaluru
P0131,Siddharth Bhatia,Hyderabad
P0132,Manju Tiwari,Kanpur
P0133,Aakash Sharma,Bengaluru
P0134,Rekha Arora,Bhubaneswar
P0135,Simran Choudhary,Patna
P0136,Amit Sethi,Lucknow
P0137,Jyoti Sethi,Noida
P0138,Rajesh Bhatia,Pune
P0139,Kirti Bhalla,Chennai
P0140,Charu Chopra,Ahmedabad
P0141,Amit Bhatia,Ranchi
P0142,Pankaj Gupta,Pune
P0143,Komal Reddy,Gurugram
P0144,Payal Tiwari,Faridabad
P0145,Payal Nair,Hyderabad
P0146,Komal Chopra,Surat
P0147,Deepak Rathore,Kolkata
P0148,Ravi Kapoor,Patna
P0149,Karan Gupta,Gurugram
P0150,Priya Chopra,Pune
P0151,Sneha Khanna,Chandigarh
P0152,Vikram Khanna,Agra
P0153,Tanya Bansal,Pune
P0154,Simran Joshi,Chandigarh
P0155,Siddharth Arora,Bhopal
P0156,Yash Chopra,Mumbai
P0157,Siddharth Rathore,Amritsar
P0158,Nidhi Kapoor,Gurugram
P0159,Swati Saxena,Ghaziabad
P0160,Divya Chopra,Ahmedabad
P0161,Pooja Bansal,Gurugram
P0162,Simran Bhalla,Faridabad
P0163,Kirti Aggarwal,Patna
P0164,Aakash Kohli,Ludhiana
P0165,Ramesh Aggarwal,Ghaziabad
P0166,Komal Kapoor,Lucknow
P0167,Anil Sethi,Ghaziabad
P0168,Bhavna Arora,Patna
P0169,Ritu Tiwari,Pune
P0170,Sanjay Arora,Noida
P0171,Shruti Pandey,Surat
P0172,Pankaj Bansal,Kolkata
P0173,Rohan Singh,Dehradun
P0174,Aditya Reddy,Kolkata
P0175,Ravi Mishra,Agra
P0176,Sameer Pandey,Ghaziabad
P0177,Anil Reddy,Kanpur
P0178,Priya Kohli,Chennai
P0179,Manju Bhalla,Jaipur
P0180,Isha Rathore,Gurugram
P0181,Bhavna Mishra,Ahmedabad
P0182,Swati Gupta,Ahmedabad
P0183,Yash Kohli,Dehradun
P0184,Anil Sharma,Gurugram
P0185,Amit Bansal,Noida
P0186,Swati Mehta,Bhopal
P0187,Aarti Reddy,Ghaziabad
P0188,Vidya Aggarwal,Patna
P0189,Rajesh Arora,Amritsar
P0190,Sanjay Mishra,Dehradun
P0191,Bhavna Choudhary,Noida
P0192,Rekha Mishra,Dehradun
P0193,Amit Bhatia,Mumbai
P0194,Ritu Iyer,Agra
P0195,Ritu Nair,Gurugram
P0196,Nikhil Rathore,Amritsar
P0197,Suresh Iyer,Noida
P0198,Ananya Rawat,Bhubaneswar
P0199,Neeraj Reddy,Amritsar
P0200,Preeti Gupta,Surat
P0201,Ritu Mehta,Ahmedabad
P0202,Sanjay Verma,Bengaluru
P0203,Harish Grover,Chennai
P0204,Neha Kapoor,Ghaziabad
P0205,Nidhi Aggarwal,Chennai
P0206,Pooja Verma,Bengaluru
P0207,Ananya Pandey,Noida
P0208,Anjali Malhotra,Mumbai
P0209,Siddharth Arora,Hyderabad
P0210,Nikhil Gupta,Lucknow
P0211,Komal Singh,Bhopal
P0212,Vikram Nair,Hyderabad
P0213,Meera Arora,Surat
P0214,Sanjay Bhalla,Kanpur
P0215,Rohit Arora,Jaipur
P0216,Divya Verma,Surat
P0217,Karan Sharma,Hyderabad
P0218,Sameer Joshi,Bengaluru
P0219,Rajesh Sharma,Agra
P0220,Aarti Arora,Surat
P0221,Karan Gupta,Ghaziabad
P0222,Shruti Yadav,Ludhiana
P0223,Jyoti Verma,Gurugram
P0224,Yash Khanna,Amritsar
P0225,Tarun Mehta,Jaipur
P0226,Simran Saxena,Kanpur
P0227,Divya Choudhary,Gurugram
P0228,Vivek Aggarwal,Haridwar
P0229,Anil Verma,Bengaluru
P0230,Ananya Chopra,Kanpur
P0231,Anil Joshi,Dehradun
P0232,Manish Mishra,Hyderabad
P0233,Isha Sethi,Haridwar
P0234,Manju Choudhary,Hyderabad
P0235,Amit Pandey,Faridabad
P0236,Divya Kapoor,Patna
P0237,Shruti Yadav,Amritsar
P0238,Priya Mishra,Agra
P0239,Ananya Singh,Gurugram
P0240,Sanjay Bhatia,Haridwar
P0241,Mohit Kohli,Chandigarh
P0242,Deepak Arora,Bhopal
P0243,Arjun Iyer,Amritsar
P0244,Rohan Saxena,Mumbai
P0245,Meera Grover,Bengaluru
P0246,Priya Yadav,Noida
P0247,Neeraj Kapoor,Patna
P0248,Vivek Iyer,Kanpur
P0249,Charu Kapoor,Bhopal
P0250,Vidya Sharma,Gurugram
P0251,Neha Khanna,Mumbai
P0252,Nidhi Pandey,Jaipur
P0253,Bhavna Pandey,Ranchi
P0254,Jyoti Sethi,Kolkata
P0255,Radha Sharma,Delhi
P0256,Nikhil Bhalla,Amritsar
P0257,Rekha Malhotra,Bhubaneswar
P0258,Sunita Tiwari,Delhi
P0259,Sanjay Kapoor,Ranchi
P0260,Vidya Bhatia,Ghaziabad
P0261,Nikhil Kohli,Dehradun
P0262,Manju Bansal,Mumbai
P0263,Naveen Nair,Delhi
P0264,Priya Chopra,Chandigarh
P0265,Mohit Iyer,Haridwar
P0266,Neha Sethi,Surat
P0267,Isha Tiwari,Bengaluru
P0268,Karan Bhalla,Gurugram
P0269,Neha Bansal,Faridabad
P0270,Nikhil Pandey,Bhopal
P0271,Priya Bhatia,Hyderabad
P0272,Ravi Gupta,Pune
P0273,Rajat Rawat,Kolkata
P0274,Neha Yadav,Jaipur
P0275,Ananya Sharma,Bhopal
P0276,Karan Chawla,Mumbai
P0277,Priya Bansal,Agra
P0278,Deepak Bhalla,Noida
P0279,Vidya Rawat,Jaipur
P0280,Karan Bhalla,Dehradun
P0281,Arjun Khanna,Faridabad
P0282,Ritu Singh,Ghaziabad
P0283,Preeti Mehta,Lucknow
P0284,Jyoti Mishra,Bengaluru
P0285,Ravi Nair,Indore
P0286,Amit Rathore,Ranchi
P0287,Divya Kapoor,Indore
P0288,Shruti Arora,Pune
P0289,Vikram Bhatia,Agra
P0290,Deepak Singh,Ahmedabad
P0291,Naveen Gupta,Pune
P0292,Nidhi Bansal,Bhopal
P0293,Tanya Malhotra,Ranchi
P0294,Anjali Verma,Chandigarh
P0295,Sneha Tiwari,Agra
P0296,Mohit Pandey,Chandigarh
P0297,Radha Nair,Amritsar
P0298,Anil Malhotra,Pune
P0299,Priya Aggarwal,Indore
P0300,Sneha Reddy,Chennai
P0301,Rohit Reddy,Hyderabad
P0302,Meera Pandey,Delhi
P0303,Radha Nair,Jaipur
P0304,Rekha Khanna,Bhubaneswar
P0305,Meera Kapoor,Bhubaneswar
P0306,Arjun Joshi,Agra
P0307,Neha Mishra,Pune
P0308,Manish Choudhary,Amritsar
P0309,Ramesh Bansal,Mumbai
P0310,Ravi Nair,Delhi
P0311,Sneha Choudhary,Amritsar
P0312,Rajesh Joshi,Amritsar
P0313,Ritu Khanna,Chandigarh
P0314,Vidya Bhalla,Ghaziabad
P0315,Sneha Bhalla,Bhubaneswar
P0316,Sneha Yadav,Surat
P0317,Anjali Iyer,Patna
P0318,Manish Bhatia,Chennai
P0319,Radha Malhotra,Ahmedabad
P0320,Shruti Sethi,Surat
P0321,Naveen Chawla,Ahmedabad
P0322,Harish Sethi,Kolkata
P0323,Aarti Saxena,Amritsar
P0324,Amit Kohli,Lucknow
P0325,Sanjay Bansal,Pune
P0326,Aakash Gupta,Haridwar
P0327,Yash Gupta,Hyderabad
P0328,Siddharth Sharma,Mumbai
P0329,Anil Bhalla,Noida
P0330,Suresh Joshi,Lucknow
P0331,Manju Grover,Pune
P0332,Nikhil Kohli,Faridabad
P0333,Mohit Kapoor,Gurugram
P0334,Siddharth Reddy,Hyderabad
P0335,Sneha Bhatia,Faridabad
P0336,Neha Aggarwal,Noida
P0337,Ananya Tiwari,Chandigarh
P0338,Swati Pandey,Agra
P0339,Jyoti Khanna,Bengaluru
P0340,Vidya Nair,Haridwar
P0341,Nidhi Aggarwal,Gurugram
P0342,Suresh Mishra,Indore
P0343,Amit Yadav,Patna
P0344,Nikhil Rathore,Surat
P0345,Vidya Chawla,Hyderabad
P0346,Tanya Iyer,Agra
P0347,Mohit Sharma,Ahmedabad
P0348,Manish Rathore,Noida
P0349,Rajesh Nair,Bhubaneswar
P0350,Sameer Singh,Haridwar
P0351,Payal Verma,Delhi
P0352,Sunita Mishra,Delhi
P0353,Sunita Kohli,Lucknow
P0354,Isha Bansal,Bengaluru
P0355,Vikram Nair,Jaipur
P0356,Gaurav Sethi,Ludhiana
P0357,Sanjay Rathore,Mumbai
P0358,Manish Nair,Faridabad
P0359,Rohan Verma,Jaipur
P0360,Pooja Arora,Ahmedabad
P0361,Amit Rathore,Chandigarh
P0362,Nidhi Saxena,Chennai
P0363,Ravi Pandey,Pune
P0364,Aarti Verma,Noida
P0365,Neeraj Iyer,Indore
P0366,Yash Bhatia,Kolkata
P0367,Harish Bansal,Faridabad
P0368,Komal Mehta,Patna
P0369,Swati Sethi,Hyderabad
P0370,Rajat Sharma,Hyderabad
P0371,Meera Sethi,Faridabad
P0372,Sunita Grover,Noida
P0373,Mohit Joshi,Ranchi
P0374,Jyoti Arora,Ludhiana
P0375,Mohit Kapoor,Agra
P0376,Shruti Bansal,Faridabad
P0377,Suresh Grover,Noida
P0378,Mohit Arora,Bengaluru
P0379,Shruti Verma,Chandigarh
P0380,Tarun Rathore,Lucknow
P0381,Neha Kohli,Chandigarh
P0382,Manju Bhatia,Jaipur
P0383,Ananya Mehta,Surat
P0384,Anjali Mishra,Pune
P0385,Anjali Yadav,Patna
P0386,Nikhil Aggarwal,Kolkata
P0387,Rajat Rawat,Bengaluru
P0388,Komal Joshi,Mumbai
P0389,Meera Kohli,Amritsar
P0390,Aakash Joshi,Dehradun
P0391,Neha Yadav,Bhopal
P0392,Sneha Saxena,Gurugram
P0393,Simran Sharma,Agra
P0394,Pooja Arora,Hyderabad
P0395,Anjali Gupta,Indore
P0396,Shruti Reddy,Ghaziabad
P0397,Rohan Singh,Amritsar
P0398,Meera Mishra,Bhopal
P0399,Aarti Khanna,Ghaziabad
P0400,Rajat Yadav,Dehradun
P0401,Nikhil Khanna,Surat
P0402,Amit Kohli,Agra
P0403,Harish Chopra,Ranchi
P0404,Payal Bhalla,Bengaluru
P0405,Sunita Singh,Chandigarh
P0406,Suresh Mehta,Jaipur
P0407,Simran Bansal,Bhubaneswar
P0408,Vivek Grover,Dehradun
P0409,Aditya Rathore,Agra
P0410,Sameer Pandey,Bhubaneswar
P0411,Priya Bansal,Amritsar
P0412,Rekha Kapoor,Mumbai
P0413,Neeraj Arora,Kolkata
P0414,Vidya Malhotra,Kanpur
P0415,Meera Pandey,Jaipur
P0416,Kajal Gupta,Kanpur
P0417,Kavya Sethi,Kolkata
P0418,Aakash Chopra,Ludhiana
P0419,Simran Pandey,Mumbai
P0420,Pankaj Pandey,Ghaziabad
P0421,Meera Sharma,Ghaziabad
P0422,Sanjay Malhotra,Ahmedabad
P0423,Ashok Kapoor,Haridwar
P0424,Isha Grover,Jaipur
P0425,Ravi Gupta,Dehradun
P0426,Priya Kohli,Agra
P0427,Anjali Rawat,Indore
P0428,Sameer Singh,Bhubaneswar
P0429,Kavya Iyer,Bhopal
P0430,Rajesh Grover,Agra
P0431,Gaurav Malhotra,Chennai
P0432,Aditya Chawla,Patna
P0433,Neeraj Gupta,Gurugram
P0434,Bhavna Joshi,Jaipur
P0435,Ravi Sethi,Gurugram
P0436,Meera Choudhary,Faridabad
P0437,Sunita Tiwari,Dehradun
P0438,Mohit Verma,Agra
P0439,Naveen Mehta,Kanpur
P0440,Rohit Saxena,Agra
P0441,Gaurav Choudhary,Haridwar
P0442,Rohit Sharma,Bengaluru
P0443,Amit Yadav,Faridabad
P0444,Arjun Rathore,Delhi
P0445,Divya Chawla,Delhi
P0446,Anil Tiwari,Ranchi
P0447,Jyoti Bhalla,Surat
P0448,Pooja Reddy,Faridabad
P0449,Divya Kapoor,Mumbai
P0450,Deepak Arora,Haridwar
P0451,Meera Iyer,Agra
P0452,Sameer Gupta,Agra
P0453,Ritu Saxena,Ghaziabad
P0454,Kavya Reddy,Chandigarh
P0455,Harish Kapoor,Ludhiana
P0456,Manju Gupta,Mumbai
P0457,Divya Tiwari,Lucknow
P0458,Sanjay Kohli,Kanpur
P0459,Amit Aggarwal,Bhopal
P0460,Bhavna Bhalla,Chandigarh
P0461,Manish Malhotra,Faridabad
P0462,Ashok Rawat,Gurugram
P0463,Ravi Aggarwal,Amritsar
P0464,Tanya Nair,Agra
P0465,Jyoti Tiwari,Delhi
P0466,Siddharth Mehta,Surat
P0467,Anil Kapoor,Pune
P0468,Manju Reddy,Pune
P0469,Mohit Arora,Ludhiana
P0470,Divya Sethi,Pune
P0471,Nidhi Malhotra,Surat
P0472,Amit Choudhary,Indore
P0473,Amit Kohli,Indore
P0474,Ashok Bhalla,Bhopal
P0475,Aditya Mishra,Faridabad
P0476,Isha Kohli,Delhi
P0477,Aakash Nair,Ranchi
P0478,Meera Rathore,Pune
P0479,Arjun Iyer,Noida
P0480,Kirti Kohli,Chandigarh
P0481,Simran Khanna,Dehradun
P0482,Aakash Rawat,Indore
P0483,Shruti Gupta,Kanpur
P0484,Vidya Kapoor,Gurugram
P0485,Meera Sethi,Noida
P0486,Kavya Nair,Kanpur
P0487,Isha Singh,Faridabad
P0488,Meera Rathore,Ludhiana
P0489,Ravi Mishra,Haridwar
P0490,Mohit Tiwari,Amritsar
P0491,Nidhi Choudhary,Agra
P0492,Anil Choudhary,Patna
P0493,Amit Arora,Hyderabad
P0494,Aditya Verma,Kolkata
P0495,Tarun Gupta,Hyderabad
P0496,Isha Yadav,Chennai
P0497,Ramesh Tiwari,Ghaziabad
P0498,Ritu Gupta,Noida
P0499,Neha Yadav,Chennai
P0500,Gaurav Khanna,Delhi
P0501,Neeraj Verma,Ludhiana
P0502,Kavya Pandey,Dehradun
P0503,Divya Malhotra,Amritsar
P0504,Tarun Sethi,Haridwar
P0505,Manish Sethi,Hyderabad
P0506,Preeti Chopra,Ludhiana
P0507,Sameer Joshi,Kolkata
P0508,Ritu Kapoor,Kanpur
P0509,Jyoti Bhatia,Ludhiana
P0510,Anjali Verma,Agra
P0511,Isha Yadav,Hyderabad
P0512,Aditya Tiwari,Ludhiana
P0513,Kirti Verma,Ranchi
P0514,Meera Singh,Hyderabad
P0515,Aditya Aggarwal,Jaipur
P0516,Aakash Bansal,Kolkata
P0517,Divya Kohli,Surat
P0518,Rekha Bansal,Ghaziabad
P0519,Ananya Gupta,Mumbai
P0520,Kirti Arora,Pune
P0521,Anjali Malhotra,Ghaziabad
P0522,Vikram Nair,Ahmedabad
P0523,Karan Yadav,Haridwar
P0524,Rajesh Aggarwal,Noida
P0525,Vivek Mehta,Patna
P0526,Amit Verma,Chennai
P0527,Tanya Saxena,Lucknow
P0528,Karan Bansal,Gurugram
P0529,Ashok Choudhary,Haridwar
P0530,Vivek Chawla,Kolkata
P0531,Naveen Iyer,Noida
P0532,Kavya Choudhary,Haridwar
P0533,Rajat Yadav,Hyderabad
P0534,Priya Bhatia,Dehradun
P0535,Divya Sethi,Bengaluru
P0536,Simran Khanna,Gurugram
P0537,Jyoti Sethi,Chandigarh
P0538,Jyoti Rawat,Bhopal
P0539,Kirti Sharma,Surat
P0540,Manish Arora,Indore
P0541,Ritu Gupta,Chandigarh
P0542,Swati Bhalla,Ahmedabad
P0543,Ramesh Mishra,Mumbai
P0544,Divya Rawat,Agra
P0545,Radha Gupta,Mumbai
P0546,Sneha Kohli,Surat
P0547,Tarun Gupta,Haridwar
P0548,Divya Arora,Mumbai
P0549,Arjun Bhatia,Hyderabad
P0550,Gaurav Iyer,Haridwar
P0551,Nikhil Tiwari,Faridabad
P0552,Ravi Reddy,Kolkata
P0553,Tanya Rathore,Agra
P0554,Aarti Chopra,Haridwar
P0555,Radha Joshi,Ludhiana
P0556,Isha Kohli,Bhopal
P0557,Bhavna Chopra,Ludhiana
P0558,Siddharth Sharma,Faridabad
P0559,Rohit Kapoor,Gurugram
P0560,Payal Tiwari,Kanpur
P0561,Aakash Tiwari,Ghaziabad
P0562,Kirti Sharma,Bengaluru
P0563,Suresh Mishra,Haridwar
P0564,Nikhil Tiwari,Pune
P0565,Bhavna Pandey,Bengaluru
P0566,Vivek Iyer,Pune
P0567,Kavya Malhotra,Hyderabad
P0568,Sanjay Arora,Mumbai
P0569,Nidhi Bansal,Kanpur
P0570,Anjali Mehta,Amritsar
P0571,Manish Bhatia,Ranchi
P0572,Komal Rawat,Jaipur
P0573,Charu Iyer,Agra
P0574,Kirti Choudhary,Faridabad
P0575,Komal Yadav,Bengaluru
P0576,Ashok Tiwari,Jaipur
P0577,Vivek Rathore,Gurugram
P0578,Bhavna Choudhary,Hyderabad
P0579,Rajat Mishra,Ghaziabad
P0580,Nikhil Kohli,Patna
P0581,Manju Verma,Noida
P0582,Aakash Iyer,Hyderabad
P0583,Aditya Joshi,Mumbai
P0584,Aarti Sharma,Pune
P0585,Naveen Choudhary,Ludhiana
P0586,Rekha Verma,Jaipur
P0587,Vidya Choudhary,Mumbai
P0588,Simran Iyer,Kanpur
P0589,Sanjay Yadav,Surat
P0590,Aakash Grover,Jaipur
P0591,Rohan Verma,Mumbai
P0592,Kirti Aggarwal,Chennai
P0593,Anil Malhotra,Indore
P0594,Mohit Reddy,Dehradun
P0595,Vikram Nair,Ranchi
P0596,Neeraj Rawat,Hyderabad
P0597,Neha Gupta,Kanpur
P0598,Payal Saxena,Bhopal
P0599,Rajesh Verma,Bhubaneswar
P0600,Neeraj Arora,Patna
P0601,Ramesh Pandey,Bhopal
P0602,Neeraj Joshi,Surat
P0603,Anjali Choudhary,Mumbai
P0604,Shruti Malhotra,Ghaziabad
P0605,Rohan Rawat,Chandigarh
P0606,Shruti Rathore,Jaipur
P0607,Ananya Sethi,Kolkata
P0608,Arjun Singh,Faridabad
P0609,Manish Pandey,Chandigarh
P0610,Ritu Iyer,Kanpur
P0611,Yash Mehta,Agra
P0612,Naveen Chopra,Surat
P0613,Amit Malhotra,Patna
P0614,Rohit Chopra,Surat
P0615,Vikram Pandey,Chennai
P0616,Sameer Aggarwal,Haridwar
P0617,Yash Sharma,Bengaluru
P0618,Manish Reddy,Bhubaneswar
P0619,Vivek Yadav,Indore
P0620,Rajat Chopra,Amritsar
P0621,Charu Nair,Bengaluru
P0622,Kirti Sharma,Hyderabad
P0623,Priya Saxena,Chandigarh
P0624,Tanya Yadav,Kanpur
P0625,Manish Mehta,Noida
P0626,Suresh Rathore,Ludhiana
P0627,Kavya Joshi,Ludhiana
P0628,Sanjay Choudhary,Patna
P0629,Charu Bhalla,Kanpur
P0630,Neeraj Sharma,Noida
P0631,Swati Iyer,Pune
P0632,Aarti Chawla,Surat
P0633,Deepak Tiwari,Pune
P0634,Anil Chawla,Kanpur
P0635,Nikhil Sharma,Hyderabad
P0636,Pankaj Chopra,Kanpur
P0637,Pankaj Bansal,Chandigarh
P0638,Sanjay Bhatia,Patna
P0639,Divya Aggarwal,Mumbai
P0640,Vivek Kohli,Chennai
P0641,Sanjay Rawat,Noida
P0642,Siddharth Kapoor,Lucknow
P0643,Rohit Arora,Ranchi
P0644,Harish Aggarwal,Amritsar
P0645,Neha Joshi,Hyderabad
P0646,Harish Singh,Dehradun
P0647,Kirti Kapoor,Ludhiana
P0648,Siddharth Gupta,Haridwar
P0649,Arjun Sharma,Patna
P0650,Komal Saxena,Patna
P0651,Gaurav Bansal,Gurugram
P0652,Rajat Arora,Bhubaneswar
P0653,Charu Khanna,Ghaziabad
P0654,Pooja Rawat,Patna
P0655,Sanjay Tiwari,Ranchi
P0656,Vikram Chopra,Gurugram
P0657,Karan Gupta,Haridwar
P0658,Mohit Yadav,Chandigarh
P0659,Sanjay Rathore,Haridwar
P0660,Tanya Arora,Kolkata
P0661,Vikram Yadav,Chandigarh
P0662,Shruti Bhalla,Agra
P0663,Vikram Tiwari,Haridwar
P0664,Rajesh Singh,Ludhiana
P0665,Charu Singh,Delhi
P0666,Arjun Choudhary,Ranchi
P0667,Rajesh Nair,Haridwar
P0668,Kavya Yadav,Ahmedabad
P0669,Aakash Gupta,Noida
P0670,Komal Bhatia,Faridabad
P0671,Manish Malhotra,Amritsar
P0672,Ananya Chopra,Ranchi
P0673,Manish Mishra,Delhi
P0674,Vikram Chawla,Chandigarh
P0675,Payal Choudhary,Kolkata
P0676,Vivek Verma,Bhopal
P0677,Aditya Mishra,Hyderabad
P0678,Manish Rawat,Jaipur
P0679,Sanjay Verma,Bhopal
P0680,Karan Nair,Kolkata
P0681,Sunita Saxena,Patna
P0682,Priya Pandey,Pune
P0683,Harish Kohli,Haridwar
P0684,Kavya Kapoor,Gurugram
P0685,Simran Grover,Haridwar
P0686,Sanjay Verma,Haridwar
P0687,Harish Chopra,Surat
P0688,Rekha Gupta,Ranchi
P0689,Gaurav Gupta,Bengaluru
P0690,Rohan Chawla,Bhubaneswar
P0691,Rajat Joshi,Amritsar
P0692,Gaurav Aggarwal,Delhi
P0693,Tanya Bhatia,Faridabad
P0694,Ananya Yadav,Kanpur
P0695,Rohan Pandey,Amritsar
P0696,Radha Pandey,Dehradun
P0697,Naveen Bhalla,Haridwar
P0698,Neha Sharma,Dehradun
P0699,Preeti Chopra,Ghaziabad
P0700,Aarti Grover,Patna
P0701,Pankaj Mishra,Gurugram
P0702,Meera Saxena,Bengaluru
P0703,Ashok Arora,Bhubaneswar
P0704,Ramesh Bhalla,Delhi
P0705,Tarun Bhatia,Ahmedabad
P0706,Ramesh Singh,Haridwar
P0707,Manju Gupta,Kolkata
P0708,Neeraj Choudhary,Ranchi
P0709,Rohan Reddy,Kanpur
P0710,Komal Mehta,Delhi
P0711,Nikhil Mehta,Noida
P0712,Vivek Khanna,Bhubaneswar
P0713,Deepak Khanna,Bhopal
P0714,Isha Saxena,Bhopal
P0715,Komal Singh,Chandigarh
P0716,Neha Bhatia,Kanpur
P0717,Sunita Bhatia,Patna
P0718,Rekha Sharma,Chennai
P0719,Rekha Malhotra,Lucknow
P0720,Rohit Aggarwal,Gurugram
P0721,Amit Kapoor,Ghaziabad
P0722,Deepak Reddy,Kolkata
P0723,Preeti Kapoor,Kanpur
P0724,Ravi Gupta,Kolkata
P0725,Simran Aggarwal,Bhopal
P0726,Kavya Rathore,Agra
P0727,Ashok Malhotra,Indore
P0728,Siddharth Yadav,Lucknow
P0729,Sanjay Verma,Ghaziabad
P0730,Ashok Bansal,Pune
P0731,Pooja Rawat,Ahmedabad
P0732,Ashok Mishra,Bhopal
P0733,Amit Chawla,Ranchi
P0734,Ashok Joshi,Ludhiana
P0735,Rajesh Bhalla,Lucknow
P0736,Preeti Rathore,Pune
P0737,Shruti Mishra,Gurugram
P0738,Ashok Yadav,Kolkata
P0739,Preeti Mishra,Hyderabad
P0740,Aakash Mishra,Kolkata
P0741,Sameer Iyer,Ranchi
P0742,Simran Arora,Kanpur
P0743,Rohan Kohli,Gurugram
P0744,Divya Malhotra,Amritsar
P0745,Arjun Grover,Ranchi
P0746,Kajal Aggarwal,Surat
P0747,Arjun Kapoor,Ghaziabad
P0748,Shruti Rathore,Bhopal
P0749,Arjun Mehta,Surat
P0750,Charu Joshi,Ludhiana
P0751,Tanya Pandey,Faridabad
P0752,Deepak Yadav,Bengaluru
P0753,Vidya Joshi,Bengaluru
P0754,Siddharth Verma,Jaipur
P0755,Preeti Tiwari,Bhopal
P0756,Swati Kohli,Noida
P0757,Pooja Kapoor,Faridabad
P0758,Bhavna Grover,Patna
P0759,Manju Mehta,Lucknow
P0760,Tanya Malhotra,Ranchi
P0761,Siddharth Yadav,Chandigarh
P0762,Divya Saxena,Hyderabad
P0763,Rajesh Bhalla,Gurugram
P0764,Divya Chawla,Kanpur
P0765,Sanjay Tiwari,Noida
P0766,Ashok Saxena,Chandigarh
P0767,Sneha Iyer,Dehradun
P0768,Rajesh Pandey,Ahmedabad
P0769,Gaurav Iyer,Delhi
P0770,Neha Iyer,Bengaluru
P0771,Arjun Mehta,Chandigarh
P0772,Rajesh Pandey,Agra
P0773,Suresh Kapoor,Faridabad
P0774,Swati Joshi,Agra
P0775,Rohan Sharma,Ranchi
P0776,Sneha Bansal,Bhubaneswar
P0777,Kirti Verma,Bhubaneswar
P0778,Jyoti Kapoor,Agra
P0779,Ashok Kapoor,Noida
P0780,Siddharth Kohli,Ludhiana
P0781,Amit Pandey,Hyderabad
P0782,Rekha Bansal,Ludhiana
P0783,Meera Pandey,Ghaziabad
P0784,Gaurav Mehta,Kanpur
P0785,Neha Kohli,Amritsar
P0786,Ananya Rawat,Surat
P0787,Neha Rawat,Amritsar
P0788,Sameer Malhotra,Bengaluru
P0789,Radha Chawla,Bhopal
P0790,Ashok Aggarwal,Hyderabad
P0791,Tarun Singh,Chandigarh
P0792,Neha Bhalla,Jaipur
P0793,Tanya Pandey,Chennai
P0794,Vivek Bansal,Bhubaneswar
P0795,Nikhil Arora,Agra
P0796,Vikram Chawla,Bhubaneswar
P0797,Shruti Mehta,Ahmedabad
P0798,Priya Malhotra,Ludhiana
P0799,Charu Rawat,Ghaziabad
P0800,Rajat Iyer,Chandigarh
P0801,Vikram Sharma,Patna
P0802,Manju Verma,Chennai
P0803,Pankaj Arora,Bengaluru
P0804,Sameer Grover,Ghaziabad
P0805,Ravi Joshi,Noida
P0806,Sameer Chopra,Ahmedabad
P0807,Ramesh Pandey,Dehradun
P0808,Ashok Mehta,Amritsar
P0809,Mohit Gupta,Lucknow
P0810,Rohan Verma,Delhi
P0811,Manju Khanna,Haridwar
P0812,Kirti Chawla,Bhopal
P0813,Kirti Singh,Dehradun
P0814,Radha Mehta,Mumbai
P0815,Pankaj Nair,Ahmedabad
P0816,Manju Tiwari,Surat
P0817,Siddharth Saxena,Chennai
P0818,Ashok Verma,Gurugram
P0819,Nikhil Mehta,Kanpur
P0820,Tanya Malhotra,Bhubaneswar
P0821,Tarun Rathore,Mumbai
P0822,Gaurav Rathore,Ludhiana
P0823,Kajal Chopra,Chennai
P0824,Ritu Iyer,Gurugram
P0825,Meera Bhatia,Faridabad
P0826,Bhavna Nair,Delhi
P0827,Vivek Chawla,Kanpur
P0828,Aakash Choudhary,Mumbai
P0829,Vivek Pandey,Ghaziabad
P0830,Vikram Tiwari,Chandigarh
P0831,Manju Tiwari,Indore
P0832,Nikhil Chopra,Ghaziabad
P0833,Vidya Verma,Kolkata
P0834,Pooja Rathore,Bhubaneswar
P0835,Rohit Kohli,Chennai
P0836,Tanya Chopra,Bhubaneswar
P0837,Neha Rathore,Bhopal
P0838,Aarti Aggarwal,Noida
P0839,Shruti Saxena,Hyderabad
P0840,Ravi Mehta,Bengaluru
P0841,Preeti Chopra,Bhopal
P0842,Arjun Yadav,Patna
P0843,Karan Verma,Patna
P0844,Sunita Sharma,Kanpur
P0845,Arjun Joshi,Bhubaneswar
P0846,Anil Sharma,Faridabad
P0847,Deepak Iyer,Kanpur
P0848,Divya Saxena,Chandigarh
P0849,Sneha Yadav,Jaipur
P0850,Nikhil Bhalla,Chandigarh
P0851,Isha Reddy,Ghaziabad
P0852,Ramesh Gupta,Dehradun
P0853,Manish Kapoor,Kolkata
P0854,Ananya Bhalla,Patna
P0855,Payal Tiwari,Amritsar
P0856,Ananya Chawla,Mumbai
P0857,Rajesh Bhalla,Faridabad
P0858,Gaurav Mishra,Bhopal
P0859,Kavya Rawat,Ahmedabad
P0860,Bhavna Arora,Kolkata
P0861,Yash Saxena,Ghaziabad
P0862,Radha Sharma,Amritsar
P0863,Manish Chawla,Pune
P0864,Ashok Rathore,Lucknow
P0865,Charu Mehta,Ahmedabad
P0866,Kavya Joshi,Ghaziabad
P0867,Arjun Bhatia,Faridabad
P0868,Ravi Joshi,Delhi
P0869,Ananya Bhatia,Haridwar
P0870,Komal Tiwari,Ghaziabad
P0871,Rajat Nair,Delhi
P0872,Anil Saxena,Chennai
P0873,Divya Tiwari,Agra
P0874,Nidhi Malhotra,Bhopal
P0875,Sunita Sharma,Agra
P0876,Neha Khanna,Ludhiana
P0877,Nikhil Choudhary,Patna
P0878,Meera Kapoor,Lucknow
P0879,Neeraj Mishra,Pune
P0880,Isha Tiwari,Ludhiana
P0881,Deepak Tiwari,Ahmedabad
P0882,Tanya Chawla,Patna
P0883,Pooja Reddy,Dehradun
P0884,Kajal Rawat,Bhubaneswar
P0885,Siddharth Joshi,Noida
P0886,Manish Chawla,Bhubaneswar
P0887,Charu Choudhary,Faridabad
P0888,Manish Verma,Ludhiana
P0889,Anil Iyer,Bengaluru
P0890,Shruti Aggarwal,Kolkata
P0891,Suresh Malhotra,Ludhiana
P0892,Vidya Mehta,Lucknow
P0893,Anjali Khanna,Bhopal
P0894,Karan Sethi,Lucknow
P0895,Deepak Kohli,Amritsar
P0896,Ananya Sethi,Gurugram
P0897,Swati Bhalla,Pune
P0898,Vivek Khanna,Bengaluru
P0899,Pankaj Gupta,Noida
P0900,Sameer Bhatia,Ludhiana
P0901,Arjun Grover,Kanpur
P0902,Shruti Yadav,Pune
P0903,Divya Yadav,Ranchi
P0904,Siddharth Choudhary,Kanpur
P0905,Amit Nair,Chandigarh
P0906,Manish Yadav,Kanpur
P0907,Naveen Khanna,Noida
P0908,Shruti Bhalla,Ghaziabad
P0909,Bhavna Chawla,Agra
P0910,Bhavna Kohli,Lucknow
P0911,Naveen Joshi,Faridabad
P0912,Vidya Joshi,Kanpur
P0913,Radha Arora,Hyderabad
P0914,Manish Iyer,Lucknow
P0915,Preeti Khanna,Hyderabad
P0916,Rajat Khanna,Dehradun
P0917,Aditya Mishra,Kanpur
P0918,Sanjay Sethi,Ranchi
P0919,Aditya Malhotra,Hyderabad
P0920,Rekha Yadav,Gurugram
P0921,Anjali Mishra,Chandigarh
P0922,Priya Rathore,Bengaluru
P0923,Sunita Gupta,Chennai
P0924,Payal Kapoor,Bhubaneswar
P0925,Suresh Saxena,Chennai
P0926,Divya Kapoor,Agra
P0927,Siddharth Saxena,Surat
P0928,Siddharth Khanna,Indore
P0929,Pankaj Gupta,Gurugram
P0930,Rohit Bhalla,Amritsar
P0931,Aditya Gupta,Kanpur
P0932,Rohit Malhotra,Patna
P0933,Divya Aggarwal,Kanpur
P0934,Swati Choudhary,Ludhiana
P0935,Nikhil Bansal,Ghaziabad
P0936,Tarun Bansal,Ranchi
P0937,Jyoti Rathore,Haridwar
P0938,Simran Reddy,Surat
P0939,Shruti Bhalla,Pune
P0940,Sunita Malhotra,Patna
P0941,Priya Bhatia,Kanpur
P0942,Jyoti Aggarwal,Kolkata
P0943,Payal Arora,Ghaziabad
P0944,Vidya Malhotra,Ludhiana
P0945,Neha Gupta,Bhubaneswar
P0946,Aakash Saxena,Faridabad
P0947,Simran Bansal,Delhi
P0948,Rajesh Reddy,Amritsar
P0949,Divya Arora,Ranchi
P0950,Pankaj Nair,Gurugram
P0951,Shruti Mehta,Ghaziabad
P0952,Anjali Mishra,Ludhiana
P0953,Aarti Saxena,Mumbai
P0954,Vidya Arora,Hyderabad
P0955,Payal Singh,Bhopal
P0956,Aakash Nair,Faridabad
P0957,Rohan Gupta,Bhubaneswar
P0958,Mohit Joshi,Patna
P0959,Divya Grover,Kanpur
P0960,Gaurav Mishra,Agra
P0961,Shruti Tiwari,Ahmedabad
P0962,Isha Yadav,Chandigarh
P0963,Amit Nair,Dehradun
P0964,Vivek Sethi,Ahmedabad
P0965,Divya Iyer,Ludhiana
P0966,Neeraj Malhotra,Pune
P0967,Shruti Gupta,Chandigarh
P0968,Shruti Pandey,Hyderabad
P0969,Kajal Sharma,Ghaziabad
P0970,Gaurav Bansal,Dehradun
P0971,Sneha Singh,Bengaluru
P0972,Radha Chopra,Gurugram
P0973,Swati Bhatia,Faridabad
P0974,Sunita Pandey,Gurugram
P0975,Ashok Chopra,Amritsar
P0976,Aakash Joshi,Lucknow
P0977,Siddharth Rawat,Kanpur
P0978,Neha Nair,Ludhiana
P0979,Neha Joshi,Indore
P0980,Vikram Arora,Noida
P0981,Yash Khanna,Amritsar
P0982,Rajat Nair,Bhubaneswar
P0983,Amit Sethi,Surat
P0984,Ananya Chawla,Bhubaneswar
P0985,Pooja Chopra,Agra
P0986,Shruti Aggarwal,Ranchi
P0987,Aarti Iyer,Surat
P0988,Aakash Grover,Chandigarh
P0989,Nidhi Singh,Lucknow
P0990,Preeti Tiwari,Amritsar
P0991,Anjali Pandey,Chandigarh
P0992,Suresh Aggarwal,Amritsar
P0993,Manju Rathore,Ahmedabad
P0994,Sunita Kapoor,Mumbai
P0995,Amit Rathore,Noida
P0996,Meera Mehta,Chandigarh
P0997,Manish Bansal,Ludhiana
P0998,Sameer Kapoor,Ahmedabad
P0999,Sneha Aggarwal,Ludhiana
P1000,Tanya Saxena,Delhi
